0
1
3
4
5
6
7
8
9
10
320
10
31
77
64
0
1
2
0
1
8
0
1
25
200
1
0
100
8
3
28
143
32
162
57
87
191
239
13
82
45
217
64
125
36
83
156
62
112
175
2
50
225
23
202
170
201
91
134
12
236
196
165
226
140
109
3
84
151
129
108
214
113
240
74
148
102
130
153
110
138
193
215
243
11
63
58
131
209
166
111
19
180
42
67
157
200
237
39
120
97
228
47
182
197
31
119
245
229
26
207
21
35
211
72
69
230
161
98
167
184
43
136
15
90
24
14
107
53
158
241
178
20
59
101
52
61
54
224
219
246
163
183
221
123
9
27
94
18
232
206
41
173
133
4
227
49
155
118
81
121
231
17
172
16
1
70
137
60
195
77
185
48
146
147
247
29
33
154
89
88
235
250
122
75
186
238
79
168
249
124
10
210
46
234
104
68
179
34
76
176
6
212
142
190
164
22
194
198
145
174
177
92
126
44
189
5
99
105
248
135
188
78
103
171
51
30
244
66
141
187
80
96
218
114
160
223
115
233
37
40
242
117
38
159
56
139
150
204
128
55
106
208
213
85
93
220
149
152
203
7
144
127
65
95
73
169
71
86
132
222
199
116
205
192
181
216

